%YAML:1.0
---
PoseState: !!opencv-matrix
   rows: 4
   cols: 4
   dt: d
   data: [ -3.3009625491218567e-02, -9.9945503332624264e-01,
       3.1365085972373530e-05, 4.9337736627732573e+02,
       -9.9939297066055310e-01, 3.3007225951212957e-02,
       -1.1145098890557851e-02, 2.6389933134880327e+01,
       1.1137989908607097e-02, -3.9924158688486519e-04,
       -9.9993789096470931e-01, 3.8002782148159872e+02, 0., 0., 0., 1. ]
