%YAML:1.0
---
PoseState: !!opencv-matrix
   rows: 4
   cols: 4
   dt: f
   data: [ 9.99319077e-01, -1.02853053e-03, 3.68826501e-02,
       -5.59515533e+01, 7.29547537e-05, 9.99664545e-01, 2.59005353e-02,
       -1.06733818e+02, -3.68969180e-02, -2.58802082e-02, 9.98983920e-01,
       1.91670971e+01, 0., 0., 0., 1. ]
