%YAML:1.0
---
PoseState: !!opencv-matrix
   rows: 4
   cols: 4
   dt: f
   data: [ 9.98605847e-01, 3.05142589e-02, 4.30725366e-02,
       -5.77986069e+01, -3.26789506e-02, 9.98190224e-01, 5.04812747e-02,
       -1.06303146e+02, -4.14541848e-02, -5.18184602e-02, 9.97795761e-01,
       2.11506863e+01, 0., 0., 0., 1. ]
